{
  "global_mu": [
    5140.2246678446145,
    4.52377582824477,
    0.8149871573340263
  ],
  "global_sigma": [
    1005.4795289095551,
    0.2549197377342153,
    0.39514952752630456
  ],
  "classes": {
    "M_EARLY": {
      "host": {
        "n": 117,
        "mu": [
          -1.4085342729774448,
          0.08743586988711782,
          -0.4852387383304239
        ],
        "cov": [
          [
            0.018951616435727354,
            0.014415493261362244,
            0.008375256920340765
          ],
          [
            0.014415493261362244,
            0.7690716815432994,
            -0.22733119151716558
          ],
          [
            0.008375256920340765,
            -0.22733119151716558,
            0.15131833356438923
          ]
        ],
        "effective_cov": [
          [
            0.018951616435727354,
            0.014415493261362244,
            0.008375256920340765
          ],
          [
            0.014415493261362244,
            0.7690716815432994,
            -0.22733119151716558
          ],
          [
            0.008375256920340765,
            -0.22733119151716558,
            0.15131833356438923
          ]
        ],
        "inv_cov": [
          [
            59.58329884800992,
            -3.7624875649992897,
            -8.950377560542103
          ],
          [
            -3.76248756499929,
            2.5765317223602358,
            4.079068358096446
          ],
          [
            -8.950377560542105,
            4.079068358096446,
            13.232112293105718
          ]
        ],
        "log_det_cov": -6.825443975437529
      },
      "field": {
        "n": 2593,
        "mu": [
          -1.3571260747952396,
          0.45708991317387354,
          -0.9143250254192573
        ],
        "cov": [
          [
            0.01777166220930504,
            0.03130522928295704,
            -0.0023395583884538236
          ],
          [
            0.03130522928295704,
            1.0782317388527836,
            -0.28072785295509084
          ],
          [
            -0.0023395583884538236,
            -0.28072785295509084,
            0.20506731484359453
          ]
        ],
        "effective_cov": [
          [
            0.01777166220930504,
            0.03130522928295704,
            -0.0023395583884538236
          ],
          [
            0.03130522928295704,
            1.0782317388527836,
            -0.28072785295509084
          ],
          [
            -0.0023395583884538236,
            -0.28072785295509084,
            0.20506731484359453
          ]
        ],
        "inv_cov": [
          [
            60.215987283075016,
            -2.4386081500126595,
            -2.651355787241762
          ],
          [
            -2.438608150012665,
            1.5398295986063657,
            2.080135448719826
          ],
          [
            -2.6513557872417697,
            2.080135448719826,
            7.693809995539406
          ]
        ],
        "log_det_cov": -6.047741886519974
      }
    },
    "M_MID": {
      "host": {
        "n": 55,
        "mu": [
          -1.7737223395529649,
          0.04858780276151809,
          -0.8914919222724632
        ],
        "cov": [
          [
            0.009172241535357423,
            0.0329553196878369,
            0.002521897486752299
          ],
          [
            0.0329553196878369,
            1.7014182783546647,
            -0.25805087681762234
          ],
          [
            0.002521897486752299,
            -0.25805087681762234,
            0.11192476307767751
          ]
        ],
        "effective_cov": [
          [
            0.009172241535357423,
            0.0329553196878369,
            0.002521897486752299
          ],
          [
            0.0329553196878369,
            1.7014182783546647,
            -0.25805087681762234
          ],
          [
            0.002521897486752299,
            -0.25805087681762234,
            0.11192476307767751
          ]
        ],
        "inv_cov": [
          [
            128.91662957805775,
            -4.517155618072408,
            -13.31939823776169
          ],
          [
            -4.5171556180723975,
            1.0620592009328873,
            2.5504374866116897
          ],
          [
            -13.319398237761682,
            2.5504374866116897,
            15.114910589137944
          ]
        ],
        "log_det_cov": -6.947926077183161
      },
      "field": {
        "n": 384,
        "mu": [
          -1.745762065439915,
          0.6621731066108814,
          -1.0941570640966496
        ],
        "cov": [
          [
            0.005668158294258111,
            -0.01410092741840727,
            0.0056872665994584185
          ],
          [
            -0.01410092741840727,
            0.5806320181788206,
            -0.1491805689486867
          ],
          [
            0.0056872665994584185,
            -0.1491805689486867,
            0.1294567359556028
          ]
        ],
        "effective_cov": [
          [
            0.005668158294258111,
            -0.01410092741840727,
            0.0056872665994584185
          ],
          [
            -0.01410092741840727,
            0.5806320181788206,
            -0.1491805689486867
          ],
          [
            0.0056872665994584185,
            -0.1491805689486867,
            0.1294567359556028
          ]
        ],
        "inv_cov": [
          [
            189.43173836236954,
            3.497901577537252,
            -4.291239439194988
          ],
          [
            3.4979015775372595,
            2.5112372250957846,
            2.740176450273286
          ],
          [
            -4.291239439194976,
            2.7401764502732866,
            11.07077583893267
          ]
        ],
        "log_det_cov": -8.183156060394735
      }
    },
    "M_LATE": {
      "host": {
        "n": 52,
        "mu": [
          -2.0285600738903473,
          0.19125604560613502,
          -1.1751896093095415
        ],
        "cov": [
          [
            0.0057468508155987495,
            -0.03237106690188182,
            0.00974638347046475
          ],
          [
            -0.03237106690188182,
            2.428579882106128,
            -0.3861981377941511
          ],
          [
            0.00974638347046475,
            -0.3861981377941511,
            0.09908127198528144
          ]
        ],
        "effective_cov": [
          [
            0.0057468508155987495,
            -0.03237106690188182,
            0.00974638347046475
          ],
          [
            -0.03237106690188182,
            2.428579882106128,
            -0.3861981377941511
          ],
          [
            0.00974638347046475,
            -0.3861981377941511,
            0.09908127198528144
          ]
        ],
        "inv_cov": [
          [
            210.35210840321724,
            -1.280053188786604,
            -25.68120512707357
          ],
          [
            -1.2800531887866222,
            1.0909079240909956,
            4.378047327589514
          ],
          [
            -25.681205127073607,
            4.378047327589512,
            29.683637879404237
          ]
        ],
        "log_det_cov": -7.740441986954157
      },
      "field": {
        "n": 23,
        "mu": [
          -1.9751787103043121,
          1.675165960874466,
          -1.4145668392995405
        ],
        "cov": [
          [
            0.0016600805722371062,
            -0.004437899200777025,
            0.0011751684364676447
          ],
          [
            -0.004437899200777025,
            0.19018998671531093,
            -0.011945738882473578
          ],
          [
            0.0011751684364676447,
            -0.011945738882473578,
            0.010137829913306333
          ]
        ],
        "effective_cov": [
          [
            0.0016600805722371062,
            -0.004437899200777025,
            0.0011751684364676447
          ],
          [
            -0.004437899200777025,
            0.19018998671531093,
            -0.011945738882473578
          ],
          [
            0.0011751684364676447,
            -0.011945738882473578,
            0.010137829913306333
          ]
        ],
        "inv_cov": [
          [
            679.8440131681224,
            11.785962847068362,
            -64.9191392018939
          ],
          [
            11.785962847068346,
            5.882467274192958,
            5.565286357477409
          ],
          [
            -64.91913920189391,
            5.565286357477401,
            112.72357010501776
          ]
        ],
        "log_det_cov": -12.849968864326383
      }
    },
    "K": {
      "host": {
        "n": 927,
        "mu": [
          -0.3577765062487336,
          0.08222698208915581,
          -0.05229021560333253
        ],
        "cov": [
          [
            0.07945195816292751,
            -0.03487444493543524,
            0.03558406106585133
          ],
          [
            -0.03487444493543524,
            0.10647159993886282,
            -0.08032148901572787
          ],
          [
            0.03558406106585133,
            -0.08032148901572787,
            0.09217099158104251
          ]
        ],
        "effective_cov": [
          [
            0.07945195816292751,
            -0.03487444493543524,
            0.03558406106585133
          ],
          [
            -0.03487444493543524,
            0.10647159993886282,
            -0.08032148901572787
          ],
          [
            0.03558406106585133,
            -0.08032148901572787,
            0.09217099158104251
          ]
        ],
        "inv_cov": [
          [
            15.31285142702148,
            1.622569960174482,
            -4.4977947825756415
          ],
          [
            1.622569960174483,
            27.587034945281857,
            23.414027111664097
          ],
          [
            -4.497794782575641,
            23.414027111664097,
            32.98976471349717
          ]
        ],
        "log_det_cov": -8.423896410663316
      },
      "field": {
        "n": 3000,
        "mu": [
          -0.49141648166005963,
          0.7362760795095987,
          -0.6080673447969592
        ],
        "cov": [
          [
            0.10438225270498257,
            -0.022262650386911803,
            0.039009938034752896
          ],
          [
            -0.022262650386911803,
            0.7067488060747289,
            -0.40934566258481
          ],
          [
            0.039009938034752896,
            -0.40934566258481,
            0.3902806674789969
          ]
        ],
        "effective_cov": [
          [
            0.10438225270498257,
            -0.022262650386911803,
            0.039009938034752896
          ],
          [
            -0.022262650386911803,
            0.7067488060747289,
            -0.40934566258481
          ],
          [
            0.039009938034752896,
            -0.40934566258481,
            0.3902806674789969
          ]
        ],
        "inv_cov": [
          [
            10.077714762383524,
            -0.6776279408085818,
            -1.7180330533918875
          ],
          [
            -0.6776279408085814,
            3.6503777252018064,
            3.896427979412948
          ],
          [
            -1.7180330533918873,
            3.896427979412949,
            6.820748445205827
          ]
        ],
        "log_det_cov": -4.533485801206273
      }
    },
    "G": {
      "host": {
        "n": 1831,
        "mu": [
          0.4617573689480374,
          -0.7206102795069815,
          0.797384569635752
        ],
        "cov": [
          [
            0.04079065832770526,
            -0.05232392417235802,
            0.052913392597776644
          ],
          [
            -0.05232392417235802,
            0.3143409719091825,
            -0.30271316966841494
          ],
          [
            0.052913392597776644,
            -0.30271316966841494,
            0.4557940374599041
          ]
        ],
        "effective_cov": [
          [
            0.04079065832770526,
            -0.05232392417235802,
            0.052913392597776644
          ],
          [
            -0.05232392417235802,
            0.3143409719091825,
            -0.30271316966841494
          ],
          [
            0.052913392597776644,
            -0.30271316966841494,
            0.4557940374599041
          ]
        ],
        "inv_cov": [
          [
            31.208823288996005,
            4.732954080928125,
            -0.4796841764120329
          ],
          [
            4.732954080928131,
            9.544238028596409,
            5.789303219015827
          ],
          [
            -0.4796841764120258,
            5.789303219015828,
            6.09459496273827
          ]
        ],
        "log_det_cov": -6.404169681128767
      },
      "field": {
        "n": 3000,
        "mu": [
          0.360560444675146,
          0.18538111449743686,
          -0.0975038257253004
        ],
        "cov": [
          [
            0.04559192545014395,
            -0.0495658883458422,
            0.042453199735505064
          ],
          [
            -0.0495658883458422,
            0.5544024964400118,
            -0.42731848038647735
          ],
          [
            0.042453199735505064,
            -0.42731848038647735,
            0.4830140278096581
          ]
        ],
        "effective_cov": [
          [
            0.04559192545014395,
            -0.0495658883458422,
            0.042453199735505064
          ],
          [
            -0.0495658883458422,
            0.5544024964400118,
            -0.42731848038647735
          ],
          [
            0.042453199735505064,
            -0.42731848038647735,
            0.4830140278096581
          ]
        ],
        "inv_cov": [
          [
            24.364679640494995,
            1.6589525237406282,
            -0.6738055647518967
          ],
          [
            1.6589525237406175,
            5.783258984862507,
            4.970591866944534
          ],
          [
            -0.6738055647518977,
            4.970591866944534,
            6.526996699710323
          ]
        ],
        "log_det_cov": -5.6560867594289315
      }
    },
    "F": {
      "host": {
        "n": 412,
        "mu": [
          1.1036596324870387,
          -1.3473024358069456,
          1.5909996135241349
        ],
        "cov": [
          [
            0.06768459664623187,
            -0.026876819304588156,
            0.049792642004015265
          ],
          [
            -0.026876819304588156,
            0.15409831294586715,
            -0.16890812777145794
          ],
          [
            0.049792642004015265,
            -0.16890812777145794,
            0.31120850860450244
          ]
        ],
        "effective_cov": [
          [
            0.06768459664623187,
            -0.026876819304588156,
            0.049792642004015265
          ],
          [
            -0.026876819304588156,
            0.15409831294586715,
            -0.16890812777145794
          ],
          [
            0.049792642004015265,
            -0.16890812777145794,
            0.31120850860450244
          ]
        ],
        "inv_cov": [
          [
            16.745499538480484,
            -0.03972621537507447,
            -2.700802584509577
          ],
          [
            -0.03972621537507395,
            16.01968065117441,
            8.701022834012868
          ],
          [
            -2.7008025845095767,
            8.701022834012868,
            8.367873952036758
          ]
        ],
        "log_det_cov": -6.75923380766889
      },
      "field": {
        "n": 3000,
        "mu": [
          1.3422364796616202,
          -0.8225183480955734,
          1.0133781807596467
        ],
        "cov": [
          [
            0.17732463339446858,
            -0.05940636769724752,
            0.12247903564920015
          ],
          [
            -0.05940636769724752,
            0.43574212657478273,
            -0.4124966046330056
          ],
          [
            0.12247903564920015,
            -0.4124966046330056,
            0.6245162288422177
          ]
        ],
        "effective_cov": [
          [
            0.17732463339446858,
            -0.05940636769724752,
            0.12247903564920015
          ],
          [
            -0.05940636769724752,
            0.43574212657478273,
            -0.4124966046330056
          ],
          [
            0.12247903564920015,
            -0.4124966046330056,
            0.6245162288422177
          ]
        ],
        "inv_cov": [
          [
            6.6455999638500725,
            -0.8746972101151245,
            -1.8810660954560507
          ],
          [
            -0.8746972101151244,
            6.23936241977418,
            4.292679293509406
          ],
          [
            -1.8810660954560507,
            4.292679293509406,
            4.8054904838559835
          ]
        ],
        "log_det_cov": -4.176986680677817
      }
    }
  },
  "features": [
    "teff_gspphot",
    "logg_gspphot",
    "radius_gspphot"
  ],
  "meta": {
    "model_version": "gaussian_host_field_v1",
    "score_mode": "host_vs_field_log_lr_v1",
    "population_col": "is_host",
    "use_m_subclasses": true,
    "shrink_alpha": 0.15,
    "min_population_size": 2
  }
}