{
  "global_mu": [
    10296.423777372947,
    3.7767482277421154,
    12.214500880420166
  ],
  "global_sigma": [
    9284.480564843436,
    1.038725496404338,
    40.58505348225004
  ],
  "classes": {
    "A_dwarf": {
      "n": 2097,
      "spec_class": "A",
      "evolution_stage": "dwarf",
      "mu": [
        -0.1694957574410628,
        0.49808052409494913,
        -0.2648212623562699
      ],
      "cov": [
        [
          0.005710764035871947,
          0.002009134132039531,
          -3.006246010401841e-05
        ],
        [
          0.002009134132039531,
          0.023167484540421935,
          -0.0009793571186259742
        ],
        [
          -3.006246010401841e-05,
          -0.0009793571186259742,
          6.798161288361074e-05
        ]
      ],
      "inv_cov": [
        [
          184.39075678400576,
          -32.080746587956526,
          -380.62156331422267
        ],
        [
          -32.080746587956526,
          115.97303787735737,
          1656.5448990194766
        ],
        [
          -380.62156331422267,
          1656.5448990194766,
          38406.070522134585
        ]
      ]
    },
    "A_evolved": {
      "n": 3000,
      "spec_class": "A",
      "evolution_stage": "evolved",
      "mu": [
        -0.17699603048290283,
        -0.08362064348035514,
        -0.2077444902413222
      ],
      "cov": [
        [
          0.005728517301193535,
          0.0033803832269619248,
          -0.0005436518532264322
        ],
        [
          0.0033803832269619248,
          0.07115900676487322,
          -0.01263198581808937
        ],
        [
          -0.0005436518532264322,
          -0.01263198581808937,
          0.003908214934021862
        ]
      ],
      "inv_cov": [
        [
          179.66152232435522,
          -9.615072268886312,
          -6.085677829106187
        ],
        [
          -9.615072268886314,
          33.484824320439586,
          106.89089037619034
        ],
        [
          -6.085677829106193,
          106.89089037619034,
          600.5134724946837
        ]
      ]
    },
    "B_dwarf": {
      "n": 1975,
      "spec_class": "B",
      "evolution_stage": "dwarf",
      "mu": [
        0.35660570507381123,
        0.5740731623031355,
        -0.25604264584501835
      ],
      "cov": [
        [
          0.1203307477748711,
          0.01497479822236518,
          0.0018397228351806157
        ],
        [
          0.01497479822236518,
          0.031860991616615174,
          -0.001558920243783459
        ],
        [
          0.0018397228351806157,
          -0.001558920243783459,
          0.00021166056238482086
        ]
      ],
      "inv_cov": [
        [
          15.52450534968409,
          -21.729553398169685,
          -294.979031398224
        ],
        [
          -21.72955339816968,
          79.48424471786038,
          774.2866781173842
        ],
        [
          -294.979031398224,
          774.2866781173843,
          12991.229003599234
        ]
      ]
    },
    "B_evolved": {
      "n": 3000,
      "spec_class": "B",
      "evolution_stage": "evolved",
      "mu": [
        0.29749134754174184,
        -0.042069274214777894,
        -0.17498631321321692
      ],
      "cov": [
        [
          0.0956123071517536,
          -0.013512769259764766,
          0.013114155108658857
        ],
        [
          -0.013512769259764766,
          0.04942603209561632,
          -0.023487813329531194
        ],
        [
          0.013114155108658857,
          -0.023487813329531194,
          0.02688787843914277
        ]
      ],
      "inv_cov": [
        [
          11.227160414772241,
          0.7988576734302087,
          -4.778037935923568
        ],
        [
          0.7988576734302077,
          34.64894273544877,
          29.87783351576111
        ],
        [
          -4.778037935923569,
          29.877833515761115,
          65.6215740825113
        ]
      ]
    },
    "F_dwarf": {
      "n": 3000,
      "spec_class": "F",
      "evolution_stage": "dwarf",
      "mu": [
        -0.4099968522403965,
        0.5173180409883574,
        -0.27101301760176244
      ],
      "cov": [
        [
          0.002079698189429085,
          -0.0015788878823845892,
          0.00012914355110153612
        ],
        [
          -0.0015788878823845892,
          0.026244293791681094,
          -0.0009856401669574054
        ],
        [
          0.00012914355110153612,
          -0.0009856401669574054,
          5.920173264583742e-05
        ]
      ],
      "inv_cov": [
        [
          566.6344199681723,
          -32.91087648945457,
          -1783.9927692767537
        ],
        [
          -32.9108764894546,
          103.59406394562521,
          1796.5132638791529
        ],
        [
          -1783.9927692767542,
          1796.5132638791529,
          50692.88786982687
        ]
      ]
    },
    "F_evolved": {
      "n": 3000,
      "spec_class": "F",
      "evolution_stage": "evolved",
      "mu": [
        -0.39825076693115274,
        -0.16323734711021187,
        -0.19001883908960868
      ],
      "cov": [
        [
          0.0022970603954314377,
          -0.0003342472831974057,
          0.0001617919921425136
        ],
        [
          -0.0003342472831974057,
          0.17320604129943964,
          -0.04512421664243219
        ],
        [
          0.0001617919921425136,
          -0.04512421664243219,
          0.022600333544860015
        ]
      ],
      "inv_cov": [
        [
          435.55891831740126,
          0.05875177295189159,
          -3.0007883390122165
        ],
        [
          0.05875177295189142,
          12.032218108381871,
          24.023314079305294
        ],
        [
          -3.0007883390122165,
          24.023314079305294,
          92.23398089986205
        ]
      ]
    },
    "G_dwarf": {
      "n": 3000,
      "spec_class": "G",
      "evolution_stage": "dwarf",
      "mu": [
        -0.5163092248396324,
        0.7646725803311099,
        -0.28182893287934074
      ],
      "cov": [
        [
          0.0005347110719824439,
          -0.001317350033715388,
          4.4763227767149066e-05
        ],
        [
          -0.001317350033715388,
          0.03339108410239059,
          -0.00102105630354663
        ],
        [
          4.4763227767149066e-05,
          -0.00102105630354663,
          4.578786910243927e-05
        ]
      ],
      "inv_cov": [
        [
          2077.444653741076,
          62.41883588894763,
          -639.0335025013528
        ],
        [
          62.41883588894794,
          96.02123755357073,
          2080.223936551139
        ],
        [
          -639.0335025013479,
          2080.223936551139,
          68852.97410050212
        ]
      ]
    },
    "G_evolved": {
      "n": 3000,
      "spec_class": "G",
      "evolution_stage": "evolved",
      "mu": [
        -0.513355870216453,
        -0.21959044540483036,
        -0.20289232465070337
      ],
      "cov": [
        [
          0.0006476333872793601,
          0.0015991437026158513,
          -0.0001709595361475636
        ],
        [
          0.0015991437026158513,
          0.13655772295589577,
          -0.027296478752609384
        ],
        [
          -0.0001709595361475636,
          -0.027296478752609384,
          0.010095681339529202
        ]
      ],
      "inv_cov": [
        [
          1602.2015791580639,
          -29.026853376128603,
          -51.350595389634414
        ],
        [
          -29.026853376128734,
          16.461086397202138,
          44.01558079663118
        ],
        [
          -51.35059538963471,
          44.01558079663118,
          217.1910362745804
        ]
      ]
    },
    "K_dwarf": {
      "n": 3000,
      "spec_class": "K",
      "evolution_stage": "dwarf",
      "mu": [
        -0.6085755990918552,
        0.8998709561157878,
        -0.2867999484632322
      ],
      "cov": [
        [
          0.001224215597142484,
          -0.0005916912662426297,
          4.113260607707738e-05
        ],
        [
          -0.0005916912662426297,
          0.04256674342998547,
          -0.0009781111472962141
        ],
        [
          4.113260607707738e-05,
          -0.0009781111472962141,
          3.699710378345996e-05
        ]
      ],
      "inv_cov": [
        [
          859.2723140198791,
          -25.49605647286727,
          -1629.3731262465358
        ],
        [
          -25.496056472867274,
          60.60835034870896,
          1630.6795984850978
        ],
        [
          -1629.3731262465358,
          1630.6795984850978,
          71951.74712814542
        ]
      ]
    },
    "K_evolved": {
      "n": 3000,
      "spec_class": "K",
      "evolution_stage": "evolved",
      "mu": [
        -0.5879143682748029,
        -0.6669224257420685,
        -0.11817239276320583
      ],
      "cov": [
        [
          0.0004807046743421496,
          0.005981416804662785,
          -0.001865015000345306
        ],
        [
          0.005981416804662785,
          0.28491509611227445,
          -0.08159658440861474
        ],
        [
          -0.001865015000345306,
          -0.08159658440861474,
          0.05343282062989294
        ]
      ],
      "inv_cov": [
        [
          2821.9554198044793,
          -55.15718437053422,
          14.26747323128908
        ],
        [
          -55.15718437053425,
          7.316002195040708,
          9.246972340011048
        ],
        [
          14.26747323128902,
          9.246972340011048,
          33.33401436911539
        ]
      ]
    },
    "M_dwarf": {
      "n": 3000,
      "spec_class": "M",
      "evolution_stage": "dwarf",
      "mu": [
        -0.70822959948223,
        0.8400883986628087,
        -0.2900432311179555
      ],
      "cov": [
        [
          0.00041512276140300925,
          0.0003532166665740865,
          7.4766254023567e-06
        ],
        [
          0.0003532166665740865,
          0.06161105273821266,
          -0.0006426249309453079
        ],
        [
          7.4766254023567e-06,
          -0.0006426249309453079,
          1.8881787983575214e-05
        ]
      ],
      "inv_cov": [
        [
          2482.190095382102,
          -37.956071246871744,
          -2274.6745817689093
        ],
        [
          -37.95607124687174,
          25.744037731437274,
          891.2049966091216
        ],
        [
          -2274.674581768909,
          891.2049966091216,
          84193.16224433054
        ]
      ]
    },
    "M_evolved": {
      "n": 3000,
      "spec_class": "M",
      "evolution_stage": "evolved",
      "mu": [
        -0.7154289433765745,
        -2.8613891459909633,
        2.5586998761747757
      ],
      "cov": [
        [
          0.0004762851771441305,
          -0.0005658000527238038,
          -0.008975703523177283
        ],
        [
          -0.0005658000527238038,
          0.6290133661258439,
          -0.7703121915521595
        ],
        [
          -0.008975703523177283,
          -0.7703121915521595,
          5.872040829538891
        ]
      ],
      "inv_cov": [
        [
          2189.0970305333035,
          7.228113947406567,
          4.294348584618095
        ],
        [
          7.228113947406571,
          1.9179439120664683,
          0.2626502489974712
        ],
        [
          4.294348584618127,
          0.26265024899747125,
          0.21131792585561962
        ]
      ]
    },
    "O_dwarf": {
      "n": 2341,
      "spec_class": "O",
      "evolution_stage": "dwarf",
      "mu": [
        2.29555024407413,
        0.3216193714746082,
        -0.15788391962854464
      ],
      "cov": [
        [
          0.0694681190798555,
          0.009332762387836402,
          0.00010289303981074057
        ],
        [
          0.009332762387836402,
          0.010192309843626552,
          -0.001533904288454962
        ],
        [
          0.00010289303981074057,
          -0.001533904288454962,
          0.00040113238788499784
        ]
      ],
      "inv_cov": [
        [
          21.018143443088928,
          -47.24715524134834,
          -186.06135272586513
        ],
        [
          -47.24715524134834,
          337.3278066448244,
          1302.0388989445846
        ],
        [
          -186.0613527258652,
          1302.0388989445846,
          7519.580966531942
        ]
      ]
    },
    "O_evolved": {
      "n": 3000,
      "spec_class": "O",
      "evolution_stage": "evolved",
      "mu": [
        2.429983645546124,
        0.03781920477919306,
        -0.0583268299692841
      ],
      "cov": [
        [
          0.06417417580589625,
          0.016751704446754098,
          -0.0032810783673251453
        ],
        [
          0.016751704446754098,
          0.02864882681061662,
          -0.008231876113703528
        ],
        [
          -0.0032810783673251453,
          -0.008231876113703528,
          0.0037892914716624888
        ]
      ],
      "inv_cov": [
        [
          18.96449121558059,
          -16.952840212688955,
          -20.407429491711945
        ],
        [
          -16.95284021268896,
          108.0408149738322,
          220.0292622081621
        ],
        [
          -20.407429491711955,
          220.0292622081621,
          724.2238484349679
        ]
      ]
    }
  },
  "features": [
    "teff_gspphot",
    "logg_gspphot",
    "radius_gspphot"
  ],
  "meta": {
    "model_version": "gaussian_router_v1",
    "source_view": "lab.v_gaia_router_training",
    "shrink_alpha": 0.15,
    "min_class_size": 3
  }
}